1.15945
1.15303
1.14692
1.1411
1.13556
1.1303
1.1253
1.12055
1.11604
1.11177
1.10771
1.10386
1.10021
1.09674
1.09346
1.09035
1.0874
1.08461
1.08196
1.07946
1.07708
1.07482
1.07269
1.07066
1.06874
1.06692
1.0652
1.06356
1.062
1.06053
1.05913
1.0578
1.05653
1.05533
1.05419
1.05311
1.05207
1.05109
1.05015
1.04926
1.04841
1.0476
1.04682
1.04608
1.04538
1.0447
1.04406
1.04344
1.04285
1.04228
1.04174
1.04122
1.04072
1.04024
1.03978
1.03933
1.03891
1.03849
1.0381
1.03772
1.03735
1.03699
1.03665
1.03632
1.036
1.03568
1.03538
1.03509
1.03481
1.03453
1.03426
1.034
1.03375
1.03351
1.03327
1.03303
1.0328
1.03258
1.03237
1.03215
1.03195
1.03175
1.03155
1.03135
1.03117
1.03098
1.0308
1.03062
1.03044
1.03027
1.0301
1.02994
1.02978
1.02962
1.02946
1.0293
1.02915
1.029
1.02885
1.02871
1.02856
1.02842
1.02828
1.02815
1.02801
1.02788
1.02775
1.02762
1.02749
1.02736
1.02723
1.02711
1.02699
1.02687
1.02675
1.02663
1.02651
1.0264
1.02628
1.02617
1.02606
1.02595
1.02584
1.02573
1.02562
1.02551
1.02541
1.0253
1.0252
1.0251
1.025
1.0249
1.0248
1.0247
1.0246
1.0245
1.02441
1.02431
1.02422
1.02413
1.02403
1.02394
1.02385
1.02376
1.02367
1.02358
1.0235
1.02341
1.02332
1.02324
1.02315
1.02307
1.02299
1.0229
1.02282
1.02274
1.02266
1.02258
1.0225
1.02242
1.02234
1.02226
1.02219
1.02211
1.02204
1.02196
1.02189
1.02181
1.02174
1.02167
1.02159
1.02152
1.02145
1.02138
1.02131
1.02124
1.02117
1.02111
1.02104
1.02097
1.0209
1.02084
1.02077
1.02071
1.02064
1.02058
1.02051
1.02045
1.02039
1.02033
1.02026
1.0202
1.02014
1.02008
1.02002
1.01996
1.0199
1.01985
1.01979
1.01973
1.01967
1.01962
1.01956
1.0195
1.01945
1.01939
1.01934
1.01928
1.01923
1.01918
1.01912
1.01907
1.01902
1.01897
1.01891
1.01886
1.01881
1.01876
1.01871
1.01866
1.01861
1.01856
1.01852
1.01847
1.01842
1.01837
1.01833
1.01828
1.01823
1.01819
1.01814
1.0181
1.01805
1.01801
1.01796
1.01792
1.01787
1.01783
1.01779
1.01774
1.0177
1.01766
1.01762
1.01758
1.01754
1.01749
1.01745
1.01741
1.01737
1.01733
1.01729
1.01725
1.01722
1.01718
1.01714
1.0171
1.01706
1.01703
1.01699
1.01695
1.01692
1.01688
1.01684
1.01681
1.01677
1.01674
1.0167
1.01667
1.01663
1.0166
1.01656
1.01653
1.0165
1.01646
1.01643
1.0164
1.01636
1.01633
1.0163
1.01627
1.01624
1.01621
1.01617
1.01614
1.01611
1.01608
1.01605
1.01602
1.01599
1.01596
1.01593
1.0159
1.01587
1.01585
1.01582
1.01579
1.01576
1.01573
1.01571
1.01568
1.01565
1.01562
1.0156
1.01557
1.01554
1.01552
1.01549
1.01546
1.01544
1.01541
1.01539
1.01536
1.01534
1.01531
1.01529
1.01526
1.01524
1.01521
1.01519
1.01517
1.01514
1.01512
1.0151
1.01507
1.01505
1.01503
1.015
1.01498
1.01496
1.01494
1.01492
1.01489
1.01487
1.01485
1.01483
1.01481
1.01479
1.01477
1.01475
1.01473
1.0147
1.01468
1.01466
1.01464
1.01462
1.0146
1.01459
1.01457
1.01455
1.01453
1.01451
1.01449
1.01447
1.01445
1.01443
1.01442
1.0144
1.01438
1.01436
1.01434
1.01433
1.01431
1.01429
1.01427
1.01426
1.01424
1.01422
1.0142
1.01419
1.01417
1.01416
1.01414
1.01412
1.01411
1.01409
1.01407
1.01406
1.01404
1.01403
1.01401
1.014
1.01398
1.01397
1.01395
1.01394
1.01392
1.01391
1.01389
1.01388
1.01386
1.01385
1.01384
1.01382
1.01381
1.01379
1.01378
1.01377
1.01375
1.01374
1.01373
1.01371
1.0137
1.01369
1.01367
1.01366
1.01365
1.01363
1.01362
1.01361
1.0136
1.01358
1.01357
1.01356
1.01355
1.01354
1.01352
1.01351
1.0135
1.01349
1.01348
1.01347
1.01345
1.01344
1.01343
1.01342
1.01341
1.0134
1.01339
1.01338
1.01337
1.01335
1.01334
1.01333
1.01332
1.01331
1.0133
1.01329
1.01328
1.01327
1.01326
1.01325
1.01324
1.01323
1.01322
1.01321
1.0132
1.01319
1.01318
1.01317
1.01316
1.01316
1.01315
1.01314
1.01313
1.01312
1.01311
1.0131
1.01309
1.01308
1.01307
1.01307
1.01306
1.01305
1.01304
1.01303
1.01302
1.01301
1.01301
1.013
1.01299
1.01298
1.01297
1.01297
1.01296
1.01295
1.01294
1.01294
1.01293
1.01292
1.01291
1.0129
1.0129
1.01289
1.01288
1.01288
1.01287
1.01286
1.01285
1.01285
1.01284
1.01283
1.01283
1.01282
1.01281
1.0128
1.0128
1.01279
1.01278
1.01278
1.01277
1.01276
1.01276
1.01275
1.01275
1.01274
1.01273
1.01273
1.01272
1.01271
1.01271
1.0127
1.0127
1.01269
1.01268
1.01268
1.01267
1.01267
1.01266
1.01265
1.01265
1.01264
1.01264
1.01263
1.01263
1.01262
1.01262
1.01261
1.0126
1.0126
1.01259
1.01259
1.01258
1.01258
1.01257
1.01257
1.01256
1.01256
1.01255
1.01255
1.01254
1.01254
1.01253
1.01253
1.01252
1.01252
1.01251
1.01251
1.0125
1.0125
1.0125
1.01249
1.01249
1.01248
1.01248
1.01247
1.01247
1.01246
1.01246
1.01246
1.01245
1.01245
1.01244
1.01244
1.01243
1.01243
1.01243
1.01242
1.01242
1.01241
1.01241
1.01241
1.0124
1.0124
1.01239
1.01239
1.01239
1.01238
1.01238
1.01237
1.01237
1.01237
1.01236
1.01236
1.01236
1.01235
1.01235
1.01235
1.01234
1.01234
1.01233
1.01233
1.01233
1.01232
1.01232
1.01232
1.01231
1.01231
1.01231
1.0123
1.0123
1.0123
1.01229
1.01229
1.01229
1.01229
1.01228
1.01228
1.01228
1.01227
1.01227
1.01227
1.01226
1.01226
1.01226
1.01225
1.01225
1.01225
1.01225
1.01224
1.01224
1.01224
1.01223
1.01223
1.01223
1.01223
1.01222
1.01222
1.01222
1.01222
1.01221
1.01221
1.01221
1.01221
1.0122
1.0122
1.0122
1.0122
1.01219
1.01219
1.01219
1.01219
1.01218
1.01218
1.01218
1.01218
1.01217
1.01217
1.01217
1.01217
1.01216
1.01216
1.01216
1.01216
1.01216
1.01215
1.01215
1.01215
1.01215
1.01214
1.01214
1.01214
1.01214
1.01214
1.01213
1.01213
1.01213
1.01213
1.01213
1.01212
1.01212
1.01212
1.01212
1.01212
1.01211
1.01211
1.01211
1.01211
1.01211
1.0121
1.0121
1.0121
1.0121
1.0121
1.0121
1.01209
1.01209
1.01209
1.01209
1.01209
1.01208
1.01208
1.01208
1.01208
1.01208
1.01208
1.01207
1.01207
1.01207
1.01207
1.01207
1.01207
1.01206
1.01206
1.01206
1.01206
1.01206
1.01206
1.01206
1.01205
1.01205
1.01205
1.01205
1.01205
1.01205
1.01204
1.01204
1.01204
1.01204
1.01204
1.01204
1.01204
1.01204
1.01203
1.01203
1.01203
1.01203
1.01203
1.01203
1.01203
1.01202
1.01202
1.01202
1.01202
1.01202
1.01202
1.01202
1.01202
1.01201
1.01201
1.01201
1.01201
1.01201
1.01201
1.01201
1.01201
1.012
1.012
1.012
1.012
1.012
1.012
1.012
1.012
1.012
1.01199
1.01199
1.01199
1.01199
1.01199
1.01199
1.01199
1.01199
1.01199
1.01198
1.01198
1.01198
1.01198
1.01198
1.01198
1.01198
1.01198
1.01198
1.01198
1.01197
1.01197
1.01197
1.01197
1.01197
1.01197
1.01197
1.01197
1.01197
1.01197
1.01197
1.01196
1.01196
1.01196
1.01196
1.01196
1.01196
1.01196
1.01196
1.01196
1.01196
1.01196
1.01196
1.01195
1.01195
1.01195
1.01195
1.01195
1.01195
1.01195
1.01195
1.01195
1.01195
1.01195
1.01195
1.01195
1.01194
1.01194
1.01194
1.01194
1.01194
1.01194
1.01194
1.01194
1.01194
1.01194
1.01194
1.01194
1.01194
1.01194
1.01193
1.01193
1.01193
1.01193
1.01193
1.01193
1.01193
1.01193
1.01193
1.01193
1.01193
1.01193
1.01193
1.01193
1.01193
1.01193
1.01192
1.01192
1.01192
1.01192
1.01192
1.01192
1.01192
1.01192
1.01192
1.01192
1.01192
1.01192
1.01192
1.01192
1.01192
1.01192
1.01192
1.01191
1.01191
1.01191
1.01191
1.01191
1.01191
1.01191
1.01191
1.01191
1.01191
1.01191
1.01191
1.01191
1.01191
1.01191
1.01191
1.01191
1.01191
1.01191
1.01191
1.0119
1.0119
1.0119
1.0119
1.0119
1.0119
1.0119
1.0119
1.0119
1.0119
1.0119
1.0119
1.0119
1.0119
1.0119
1.0119
1.0119
1.0119
1.0119
1.0119
1.0119
1.0119
1.0119
1.0119
1.01189
1.01189
1.01189
1.01189
1.01189
1.01189
1.01189
1.01189
1.01189
1.01189
1.01189
1.01189
1.01189
1.01189
1.01189
1.01189
1.01189
1.01189
1.01189
1.01189
1.01189
1.01189
1.01189
1.01189
1.01189
1.01189
1.01189
1.01189
1.01188
1.01188
1.01188
1.01188
1.01188
1.01188
1.01188
1.01188
1.01188
1.01188
1.01188
1.01188
1.01188
1.01188
1.01188
1.01188
1.01188
1.01188
1.01188
1.01188
1.01188
1.01188
1.01188
1.01188
1.01188
1.01188
1.01188
1.01188
1.01188
1.01188
1.01188
1.01188
1.01188
1.01188
1.01188
1.01188
1.01187
1.01187
1.01187
1.01187
1.01187
1.01187
1.01187
1.01187
1.01187
1.01187
1.01187
1.01187
1.01187
1.01187
1.01187
1.01187
1.01187
1.01187
1.01187
1.01187
1.01187
1.01187
1.01187
1.01187
1.01187
1.01187
1.01187
1.01187
1.01187
1.01187
1.01187
1.01187
1.01187
1.01187
1.01187
0.584055*x -1.49096